0.000000
2.000000
0.000000
0.000000
1.000000
100.000000
0.000000
0.000000
0.000000
0.000000
0.000000
0.000000
1000.000000
0.000000
0.000000
0.000000
0.000000
1.000000
0.050000
0.000000
0.150000
100.000000
0.000000
1.000000
-1.000000
1.000000
0.000000
1.000000
0.000000
0.000000
0.000000
1.000000
0.000000
0.000000
0.000000
0.000000
1.000000
-1.000000
1.000000
0.000000
1.000000
0.000000
0.000000
0.000000
1.000000
0.000000
0.000000
0.000000
0.000000
1.000000
-1.000000
1.000000
0.000000
1.000000
0.000000
0.000000
0.000000
1.000000
0.000000
0.000000
0.000000
0.000000
1.000000
-1.000000
1.000000
0.000000
1.000000
0.000000
0.000000
1.000000
1.000000
0.000000
0.000000
0.000000
0.000000
0.000000
1.000000
1.000000
1.000000
1.000000
1.000000
0.850000
-0.400000
0.000000
100.000000
0.000000
-0.011831
1.000000
20.000000
100.000000
1.000000
100.000000
0.050000
1.000000
0.000000
0.000000
0.000000
1.000000
